10.0000 10.2273 10.4545 10.6818 10.9091 11.1364 11.3636 11.5909 11.8182 12.0455 12.2727 12.5000 12.7273 12.9545 13.1818 13.4091 13.6364 13.8636 14.0909 14.3182 14.5455 14.7727 15.0000 15.2273 15.4545 15.6818 15.9091 16.1364 16.3636 16.5909 16.8182 17.0455 17.2727 17.5000 17.7273 17.9545 18.1818 18.4091 18.6364 18.8636 19.0909 19.3182 19.5455 19.7727 20.0000 
10.2273 10.4545 10.6818 10.9091 11.1364 11.3636 11.5909 11.8182 12.0454 12.2727 12.5000 12.7273 12.9545 13.1818 13.4091 13.6363 13.8636 14.0909 14.3182 14.5454 14.7727 15.0000 15.2272 15.4545 15.6818 15.9091 16.1363 16.3636 16.5909 16.8182 17.0454 17.2727 17.5000 17.7273 17.9545 18.1818 18.4091 18.6364 18.8636 19.0909 19.3182 19.5454 19.7727 20.0000 20.2273 
10.4545 10.6818 10.9091 11.1364 11.3636 11.5909 11.8182 12.0454 12.2727 12.5000 12.7272 12.9545 13.1818 13.4090 13.6363 13.8636 14.0909 14.3181 14.5454 14.7727 14.9999 15.2272 15.4545 15.6818 15.9090 16.1363 16.3636 16.5909 16.8181 17.0454 17.2727 17.5000 17.7272 17.9545 18.1818 18.4091 18.6363 18.8636 19.0909 19.3182 19.5454 19.7727 20.0000 20.2273 20.4545 
10.6818 10.9091 11.1364 11.3636 11.5909 11.8182 12.0454 12.2727 12.5000 12.7272 12.9545 13.1818 13.4090 13.6363 13.8636 14.0908 14.3181 14.5454 14.7727 14.9999 15.2272 15.4545 15.6817 15.9090 16.1363 16.3636 16.5908 16.8181 17.0454 17.2727 17.4999 17.7272 17.9545 18.1818 18.4090 18.6363 18.8636 19.0909 19.3182 19.5454 19.7727 20.0000 20.2273 20.4545 20.6818 
10.9091 11.1364 11.3636 11.5909 11.8182 12.0454 12.2727 12.5000 12.7272 12.9545 13.1818 13.4090 13.6363 13.8636 14.0908 14.3181 14.5454 14.7726 14.9999 15.2272 15.4544 15.6817 15.9090 16.1363 16.3635 16.5908 16.8181 17.0454 17.2726 17.4999 17.7272 17.9545 18.1817 18.4090 18.6363 18.8636 19.0909 19.3181 19.5454 19.7727 20.0000 20.2273 20.4545 20.6818 20.9091 
11.1364 11.3636 11.5909 11.8182 12.0454 12.2727 12.4999 12.7272 12.9545 13.1817 13.4090 13.6363 13.8635 14.0908 14.3181 14.5453 14.7726 14.9999 15.2272 15.4544 15.6817 15.9090 16.1362 16.3635 16.5908 16.8181 17.0453 17.2726 17.4999 17.7272 17.9544 18.1817 18.4090 18.6363 18.8636 19.0908 19.3181 19.5454 19.7727 20.0000 20.2272 20.4545 20.6818 20.9091 21.1364 
11.3636 11.5909 11.8182 12.0454 12.2727 12.4999 12.7272 12.9545 13.1817 13.4090 13.6363 13.8635 14.0908 14.3181 14.5453 14.7726 14.9999 15.2271 15.4544 15.6817 15.9089 16.1362 16.3635 16.5908 16.8180 17.0453 17.2726 17.4999 17.7271 17.9544 18.1817 18.4090 18.6363 18.8635 19.0908 19.3181 19.5454 19.7727 19.9999 20.2272 20.4545 20.6818 20.9091 21.1364 21.3636 
11.5909 11.8182 12.0454 12.2727 12.5000 12.7272 12.9545 13.1817 13.4090 13.6363 13.8635 14.0908 14.3181 14.5453 14.7726 14.9998 15.2271 15.4544 15.6817 15.9089 16.1362 16.3635 16.5907 16.8180 17.0453 17.2726 17.4998 17.7271 17.9544 18.1817 18.4089 18.6362 18.8635 19.0908 19.3181 19.5454 19.7726 19.9999 20.2272 20.4545 20.6818 20.9091 21.1363 21.3636 21.5909 
11.8182 12.0454 12.2727 12.5000 12.7272 12.9545 13.1817 13.4090 13.6363 13.8635 14.0908 14.3180 14.5453 14.7726 14.9998 15.2271 15.4544 15.6816 15.9089 16.1362 16.3634 16.5907 16.8180 17.0453 17.2725 17.4998 17.7271 17.9544 18.1816 18.4089 18.6362 18.8635 19.0908 19.3180 19.5453 19.7726 19.9999 20.2272 20.4545 20.6818 20.9090 21.1363 21.3636 21.5909 21.8182 
12.0455 12.2727 12.5000 12.7272 12.9545 13.1817 13.4090 13.6363 13.8635 14.0908 14.3180 14.5453 14.7726 14.9998 15.2271 15.4544 15.6816 15.9089 16.1362 16.3634 16.5907 16.8180 17.0452 17.2725 17.4998 17.7271 17.9543 18.1816 18.4089 18.6362 18.8635 19.0907 19.3180 19.5453 19.7726 19.9999 20.2272 20.4544 20.6817 20.9090 21.1363 21.3636 21.5909 21.8182 22.0455 
12.2727 12.5000 12.7272 12.9545 13.1818 13.4090 13.6363 13.8635 14.0908 14.3180 14.5453 14.7726 14.9998 15.2271 15.4543 15.6816 15.9089 16.1361 16.3634 16.5907 16.8179 17.0452 17.2725 17.4998 17.7270 17.9543 18.1816 18.4089 18.6361 18.8634 19.0907 19.3180 19.5453 19.7726 19.9998 20.2271 20.4544 20.6817 20.9090 21.1363 21.3636 21.5909 21.8181 22.0454 22.2727 
12.5000 12.7273 12.9545 13.1818 13.4090 13.6363 13.8635 14.0908 14.3180 14.5453 14.7726 14.9998 15.2271 15.4543 15.6816 15.9089 16.1361 16.3634 16.5907 16.8179 17.0452 17.2725 17.4997 17.7270 17.9543 18.1816 18.4088 18.6361 18.8634 19.0907 19.3180 19.5453 19.7725 19.9998 20.2271 20.4544 20.6817 20.9090 21.1363 21.3635 21.5908 21.8181 22.0454 22.2727 22.5000 
12.7273 12.9545 13.1818 13.4090 13.6363 13.8635 14.0908 14.3181 14.5453 14.7726 14.9998 15.2271 15.4543 15.6816 15.9089 16.1361 16.3634 16.5907 16.8179 17.0452 17.2725 17.4997 17.7270 17.9543 18.1815 18.4088 18.6361 18.8634 19.0907 19.3179 19.5452 19.7725 19.9998 20.2271 20.4544 20.6817 20.9089 21.1362 21.3635 21.5908 21.8181 22.0454 22.2727 22.5000 22.7273 
12.9545 13.1818 13.4090 13.6363 13.8636 14.0908 14.3181 14.5453 14.7726 14.9998 15.2271 15.4543 15.6816 15.9089 16.1361 16.3634 16.5906 16.8179 17.0452 17.2724 17.4997 17.7270 17.9543 18.1815 18.4088 18.6361 18.8634 19.0906 19.3179 19.5452 19.7725 19.9998 20.2271 20.4543 20.6816 20.9089 21.1362 21.3635 21.5908 21.8181 22.0454 22.2727 22.5000 22.7273 22.9545 
13.1818 13.4091 13.6363 13.8636 14.0908 14.3181 14.5453 14.7726 14.9998 15.2271 15.4543 15.6816 15.9089 16.1361 16.3634 16.5906 16.8179 17.0452 17.2724 17.4997 17.7270 17.9542 18.1815 18.4088 18.6361 18.8633 19.0906 19.3179 19.5452 19.7725 19.9997 20.2270 20.4543 20.6816 20.9089 21.1362 21.3635 21.5908 21.8181 22.0453 22.2726 22.4999 22.7272 22.9545 23.1818 
13.4091 13.6363 13.8636 14.0908 14.3181 14.5453 14.7726 14.9998 15.2271 15.4544 15.6816 15.9089 16.1361 16.3634 16.5906 16.8179 17.0452 17.2724 17.4997 17.7270 17.9542 18.1815 18.4088 18.6360 18.8633 19.0906 19.3179 19.5452 19.7724 19.9997 20.2270 20.4543 20.6816 20.9089 21.1362 21.3634 21.5907 21.8180 22.0453 22.2726 22.4999 22.7272 22.9545 23.1818 23.4091 
13.6364 13.8636 14.0909 14.3181 14.5454 14.7726 14.9999 15.2271 15.4544 15.6816 15.9089 16.1361 16.3634 16.5906 16.8179 17.0452 17.2724 17.4997 17.7270 17.9542 18.1815 18.4088 18.6360 18.8633 19.0906 19.3179 19.5451 19.7724 19.9997 20.2270 20.4543 20.6816 20.9088 21.1361 21.3634 21.5907 21.8180 22.0453 22.2726 22.4999 22.7272 22.9545 23.1818 23.4091 23.6364 
13.8636 14.0909 14.3181 14.5454 14.7726 14.9999 15.2271 15.4544 15.6816 15.9089 16.1361 16.3634 16.5907 16.8179 17.0452 17.2724 17.4997 17.7270 17.9542 18.1815 18.4088 18.6360 18.8633 19.0906 19.3178 19.5451 19.7724 19.9997 20.2270 20.4542 20.6815 20.9088 21.1361 21.3634 21.5907 21.8180 22.0453 22.2726 22.4999 22.7272 22.9545 23.1817 23.4090 23.6363 23.8636 
14.0909 14.3182 14.5454 14.7727 14.9999 15.2272 15.4544 15.6817 15.9089 16.1362 16.3634 16.5907 16.8179 17.0452 17.2724 17.4997 17.7270 17.9542 18.1815 18.4088 18.6360 18.8633 19.0906 19.3178 19.5451 19.7724 19.9997 20.2269 20.4542 20.6815 20.9088 21.1361 21.3634 21.5907 21.8180 22.0452 22.2725 22.4998 22.7271 22.9544 23.1817 23.4090 23.6363 23.8636 24.0909 
14.3182 14.5454 14.7727 14.9999 15.2272 15.4544 15.6817 15.9089 16.1362 16.3634 16.5907 16.8179 17.0452 17.2724 17.4997 17.7270 17.9542 18.1815 18.4088 18.6360 18.8633 19.0906 19.3178 19.5451 19.7724 19.9997 20.2269 20.4542 20.6815 20.9088 21.1361 21.3634 21.5906 21.8179 22.0452 22.2725 22.4998 22.7271 22.9544 23.1817 23.4090 23.6363 23.8636 24.0909 24.3182 
14.5455 14.7727 14.9999 15.2272 15.4544 15.6817 15.9089 16.1362 16.3634 16.5907 16.8179 17.0452 17.2725 17.4997 17.7270 17.9542 18.1815 18.4088 18.6360 18.8633 19.0906 19.3178 19.5451 19.7724 19.9996 20.2269 20.4542 20.6815 20.9088 21.1361 21.3633 21.5906 21.8179 22.0452 22.2725 22.4998 22.7271 22.9544 23.1817 23.4090 23.6363 23.8636 24.0909 24.3182 24.5455 
14.7727 15.0000 15.2272 15.4545 15.6817 15.9090 16.1362 16.3635 16.5907 16.8180 17.0452 17.2725 17.4997 17.7270 17.9542 18.1815 18.4088 18.6360 18.8633 19.0906 19.3178 19.5451 19.7724 19.9996 20.2269 20.4542 20.6815 20.9088 21.1360 21.3633 21.5906 21.8179 22.0452 22.2725 22.4998 22.7271 22.9544 23.1816 23.4089 23.6362 23.8635 24.0908 24.3181 24.5454 24.7727 
15.0000 15.2272 15.4545 15.6817 15.9090 16.1362 16.3635 16.5907 16.8180 17.0452 17.2725 17.4997 17.7270 17.9543 18.1815 18.4088 18.6360 18.8633 19.0906 19.3178 19.5451 19.7724 19.9996 20.2269 20.4542 20.6815 20.9087 21.1360 21.3633 21.5906 21.8179 22.0452 22.2725 22.4997 22.7270 22.9543 23.1816 23.4089 23.6362 23.8635 24.0908 24.3181 24.5454 24.7727 25.0000 
15.2273 15.4545 15.6818 15.9090 16.1363 16.3635 16.5908 16.8180 17.0453 17.2725 17.4998 17.7270 17.9543 18.1815 18.4088 18.6360 18.8633 19.0906 19.3178 19.5451 19.7724 19.9996 20.2269 20.4542 20.6815 20.9087 21.1360 21.3633 21.5906 21.8179 22.0452 22.2724 22.4997 22.7270 22.9543 23.1816 23.4089 23.6362 23.8635 24.0908 24.3181 24.5454 24.7727 25.0000 25.2273 
15.4545 15.6818 15.9090 16.1363 16.3635 16.5908 16.8180 17.0453 17.2725 17.4998 17.7270 17.9543 18.1815 18.4088 18.6361 18.8633 19.0906 19.3178 19.5451 19.7724 19.9996 20.2269 20.4542 20.6815 20.9087 21.1360 21.3633 21.5906 21.8179 22.0451 22.2724 22.4997 22.7270 22.9543 23.1816 23.4089 23.6362 23.8635 24.0908 24.3181 24.5454 24.7727 24.9999 25.2272 25.4545 
15.6818 15.9091 16.1363 16.3636 16.5908 16.8181 17.0453 17.2726 17.4998 17.7271 17.9543 18.1816 18.4088 18.6361 18.8633 19.0906 19.3179 19.5451 19.7724 19.9997 20.2269 20.4542 20.6815 20.9087 21.1360 21.3633 21.5906 21.8179 22.0451 22.2724 22.4997 22.7270 22.9543 23.1816 23.4089 23.6362 23.8634 24.0907 24.3180 24.5453 24.7726 24.9999 25.2272 25.4545 25.6818 
15.9091 16.1363 16.3636 16.5908 16.8181 17.0453 17.2726 17.4998 17.7271 17.9543 18.1816 18.4088 18.6361 18.8634 19.0906 19.3179 19.5451 19.7724 19.9997 20.2269 20.4542 20.6815 20.9087 21.1360 21.3633 21.5906 21.8179 22.0451 22.2724 22.4997 22.7270 22.9543 23.1816 23.4088 23.6361 23.8634 24.0907 24.3180 24.5453 24.7726 24.9999 25.2272 25.4545 25.6818 25.9091 
16.1364 16.3636 16.5909 16.8181 17.0454 17.2726 17.4999 17.7271 17.9544 18.1816 18.4089 18.6361 18.8634 19.0906 19.3179 19.5452 19.7724 19.9997 20.2269 20.4542 20.6815 20.9088 21.1360 21.3633 21.5906 21.8179 22.0451 22.2724 22.4997 22.7270 22.9543 23.1815 23.4088 23.6361 23.8634 24.0907 24.3180 24.5453 24.7726 24.9999 25.2272 25.4545 25.6818 25.9091 26.1364 
16.3636 16.5909 16.8181 17.0454 17.2726 17.4999 17.7271 17.9544 18.1816 18.4089 18.6361 18.8634 19.0907 19.3179 19.5452 19.7724 19.9997 20.2270 20.4542 20.6815 20.9088 21.1360 21.3633 21.5906 21.8179 22.0451 22.2724 22.4997 22.7270 22.9543 23.1815 23.4088 23.6361 23.8634 24.0907 24.3180 24.5453 24.7726 24.9999 25.2272 25.4545 25.6817 25.9090 26.1363 26.3636 
16.5909 16.8182 17.0454 17.2727 17.4999 17.7272 17.9544 18.1817 18.4089 18.6362 18.8634 19.0907 19.3179 19.5452 19.7725 19.9997 20.2270 20.4542 20.6815 20.9088 21.1361 21.3633 21.5906 21.8179 22.0451 22.2724 22.4997 22.7270 22.9543 23.1815 23.4088 23.6361 23.8634 24.0907 24.3180 24.5453 24.7726 24.9998 25.2271 25.4544 25.6817 25.9090 26.1363 26.3636 26.5909 
16.8182 17.0454 17.2727 17.4999 17.7272 17.9544 18.1817 18.4089 18.6362 18.8635 19.0907 19.3180 19.5452 19.7725 19.9997 20.2270 20.4543 20.6815 20.9088 21.1361 21.3633 21.5906 21.8179 22.0452 22.2724 22.4997 22.7270 22.9543 23.1815 23.4088 23.6361 23.8634 24.0907 24.3180 24.5453 24.7725 24.9998 25.2271 25.4544 25.6817 25.9090 26.1363 26.3636 26.5909 26.8182 
17.0455 17.2727 17.5000 17.7272 17.9545 18.1817 18.4090 18.6362 18.8635 19.0907 19.3180 19.5453 19.7725 19.9998 20.2270 20.4543 20.6816 20.9088 21.1361 21.3634 21.5906 21.8179 22.0452 22.2724 22.4997 22.7270 22.9543 23.1815 23.4088 23.6361 23.8634 24.0907 24.3180 24.5453 24.7725 24.9998 25.2271 25.4544 25.6817 25.9090 26.1363 26.3636 26.5909 26.8182 27.0455 
17.2727 17.5000 17.7272 17.9545 18.1817 18.4090 18.6363 18.8635 19.0908 19.3180 19.5453 19.7725 19.9998 20.2271 20.4543 20.6816 20.9088 21.1361 21.3634 21.5906 21.8179 22.0452 22.2725 22.4997 22.7270 22.9543 23.1816 23.4088 23.6361 23.8634 24.0907 24.3180 24.5452 24.7725 24.9998 25.2271 25.4544 25.6817 25.9090 26.1363 26.3636 26.5909 26.8181 27.0454 27.2727 
17.5000 17.7273 17.9545 18.1818 18.4090 18.6363 18.8635 19.0908 19.3180 19.5453 19.7726 19.9998 20.2271 20.4543 20.6816 20.9089 21.1361 21.3634 21.5907 21.8179 22.0452 22.2725 22.4997 22.7270 22.9543 23.1816 23.4088 23.6361 23.8634 24.0907 24.3180 24.5453 24.7725 24.9998 25.2271 25.4544 25.6817 25.9090 26.1363 26.3635 26.5908 26.8181 27.0454 27.2727 27.5000 
17.7273 17.9545 18.1818 18.4090 18.6363 18.8636 19.0908 19.3181 19.5453 19.7726 19.9998 20.2271 20.4544 20.6816 20.9089 21.1362 21.3634 21.5907 21.8180 22.0452 22.2725 22.4998 22.7270 22.9543 23.1816 23.4089 23.6361 23.8634 24.0907 24.3180 24.5453 24.7725 24.9998 25.2271 25.4544 25.6817 25.9090 26.1363 26.3635 26.5908 26.8181 27.0454 27.2727 27.5000 27.7273 
17.9545 18.1818 18.4091 18.6363 18.8636 19.0908 19.3181 19.5454 19.7726 19.9999 20.2271 20.4544 20.6817 20.9089 21.1362 21.3634 21.5907 21.8180 22.0452 22.2725 22.4998 22.7271 22.9543 23.1816 23.4089 23.6362 23.8634 24.0907 24.3180 24.5453 24.7725 24.9998 25.2271 25.4544 25.6817 25.9090 26.1362 26.3635 26.5908 26.8181 27.0454 27.2727 27.5000 27.7273 27.9545 
18.1818 18.4091 18.6363 18.8636 19.0909 19.3181 19.5454 19.7726 19.9999 20.2272 20.4544 20.6817 20.9089 21.1362 21.3635 21.5907 21.8180 22.0453 22.2725 22.4998 22.7271 22.9544 23.1816 23.4089 23.6362 23.8634 24.0907 24.3180 24.5453 24.7726 24.9998 25.2271 25.4544 25.6817 25.9090 26.1362 26.3635 26.5908 26.8181 27.0454 27.2727 27.5000 27.7272 27.9545 28.1818 
18.4091 18.6364 18.8636 19.0909 19.3181 19.5454 19.7727 19.9999 20.2272 20.4544 20.6817 20.9090 21.1362 21.3635 21.5908 21.8180 22.0453 22.2726 22.4998 22.7271 22.9544 23.1816 23.4089 23.6362 23.8635 24.0907 24.3180 24.5453 24.7726 24.9998 25.2271 25.4544 25.6817 25.9090 26.1363 26.3635 26.5908 26.8181 27.0454 27.2727 27.5000 27.7272 27.9545 28.1818 28.4091 
18.6364 18.8636 19.0909 19.3182 19.5454 19.7727 19.9999 20.2272 20.4545 20.6817 20.9090 21.1363 21.3635 21.5908 21.8181 22.0453 22.2726 22.4999 22.7271 22.9544 23.1817 23.4089 23.6362 23.8635 24.0908 24.3180 24.5453 24.7726 24.9999 25.2271 25.4544 25.6817 25.9090 26.1363 26.3635 26.5908 26.8181 27.0454 27.2727 27.4999 27.7272 27.9545 28.1818 28.4091 28.6364 
18.8636 19.0909 19.3182 19.5454 19.7727 20.0000 20.2272 20.4545 20.6818 20.9090 21.1363 21.3635 21.5908 21.8181 22.0453 22.2726 22.4999 22.7272 22.9544 23.1817 23.4090 23.6362 23.8635 24.0908 24.3181 24.5453 24.7726 24.9999 25.2272 25.4544 25.6817 25.9090 26.1363 26.3635 26.5908 26.8181 27.0454 27.2727 27.4999 27.7272 27.9545 28.1818 28.4091 28.6364 28.8636 
19.0909 19.3182 19.5454 19.7727 20.0000 20.2272 20.4545 20.6818 20.9090 21.1363 21.3636 21.5908 21.8181 22.0454 22.2726 22.4999 22.7272 22.9545 23.1817 23.4090 23.6363 23.8635 24.0908 24.3181 24.5454 24.7726 24.9999 25.2272 25.4545 25.6817 25.9090 26.1363 26.3636 26.5908 26.8181 27.0454 27.2727 27.5000 27.7272 27.9545 28.1818 28.4091 28.6363 28.8636 29.0909 
19.3182 19.5454 19.7727 20.0000 20.2273 20.4545 20.6818 20.9091 21.1363 21.3636 21.5909 21.8181 22.0454 22.2727 22.4999 22.7272 22.9545 23.1817 23.4090 23.6363 23.8636 24.0908 24.3181 24.5454 24.7727 24.9999 25.2272 25.4545 25.6817 25.9090 26.1363 26.3636 26.5909 26.8181 27.0454 27.2727 27.5000 27.7272 27.9545 28.1818 28.4091 28.6363 28.8636 29.0909 29.3182 
19.5455 19.7727 20.0000 20.2273 20.4545 20.6818 20.9091 21.1363 21.3636 21.5909 21.8181 22.0454 22.2727 22.5000 22.7272 22.9545 23.1818 23.4090 23.6363 23.8636 24.0909 24.3181 24.5454 24.7727 24.9999 25.2272 25.4545 25.6818 25.9090 26.1363 26.3636 26.5909 26.8181 27.0454 27.2727 27.5000 27.7272 27.9545 28.1818 28.4091 28.6363 28.8636 29.0909 29.3182 29.5455 
19.7727 20.0000 20.2273 20.4545 20.6818 20.9091 21.1364 21.3636 21.5909 21.8182 22.0454 22.2727 22.5000 22.7273 22.9545 23.1818 23.4091 23.6363 23.8636 24.0909 24.3182 24.5454 24.7727 25.0000 25.2272 25.4545 25.6818 25.9091 26.1363 26.3636 26.5909 26.8182 27.0454 27.2727 27.5000 27.7273 27.9545 28.1818 28.4091 28.6364 28.8636 29.0909 29.3182 29.5455 29.7727 
20.0000 20.2273 20.4545 20.6818 20.9091 21.1364 21.3636 21.5909 21.8182 22.0455 22.2727 22.5000 22.7273 22.9545 23.1818 23.4091 23.6364 23.8636 24.0909 24.3182 24.5455 24.7727 25.0000 25.2273 25.4545 25.6818 25.9091 26.1364 26.3636 26.5909 26.8182 27.0455 27.2727 27.5000 27.7273 27.9545 28.1818 28.4091 28.6364 28.8636 29.0909 29.3182 29.5455 29.7727 30.0000 
